Lat	Long	CentroidSize	LogCentroidSize	bio1	bio2	bio3	bio4	bio5	bio6	bio7	bio8	bio9	bio10	bio11	bio12	bio13	bio14	bio15	bio16	bio17	bio18	bio19	APE	AAE	AWB
-47.25	-67.12	23.820398	3.170542	106	100	46	4406	224	8	216	54	133	160	48	206	26	12	27	75	37	40	66	390	198	-152
-45.43	-67.47	19.537637	2.972343	96	110	48	4485	223	-5	228	64	123	152	38	187	25	10	33	69	32	33	60	479	231	-203
-45.37	-67.38	22.788145	3.126240	103	109	47	4484	229	1	228	70	129	159	45	193	26	10	32	72	33	35	62	479	231	-203
-46.37	-67.59	20.754134	3.032745	119	102	46	4454	242	22	220	67	147	175	61	211	29	11	33	79	36	38	68	443	166	-200
-45.03	-67.1	21.757238	3.079946	103	111	48	4541	230	-1	231	70	103	160	44	184	26	9	35	70	31	34	59	479	231	-203
-45.03	-67.1	22.661822	3.120682	103	111	48	4541	230	-1	231	70	103	160	44	184	26	9	35	70	31	34	59	479	231	-203
-47.25	-67.12	19.901759	2.990808	106	100	46	4406	224	8	216	54	133	160	48	206	26	12	27	75	37	40	66	390	198	-152
-42.73	-69.6	23.761188	3.168053	110	132	48	5086	261	-9	270	50	164	175	44	206	35	7	48	90	27	28	75	539	249	-115
-42.73	-69.6	21.554603	3.070589	110	132	48	5086	261	-9	270	50	164	175	44	206	35	7	48	90	27	28	75	539	249	-115
-43.98	-70.38	21.899282	3.086454	77	119	48	4569	213	-31	244	44	125	135	17	150	21	5	41	57	19	24	51	482	133	-238
-39.55	-70.57	21.522177	3.069084	95	140	54	4705	248	-10	258	42	146	156	36	361	75	8	70	193	32	32	175	629	345	390
-39.55	-70.57	21.754484	3.079820	95	140	54	4705	248	-10	258	42	146	156	36	361	75	8	70	193	32	32	175	629	345	390
-39.55	-70.57	19.220628	2.955984	95	140	54	4705	248	-10	258	42	146	156	36	361	75	8	70	193	32	32	175	629	345	390
-39.55	-70.57	20.295112	3.010380	95	140	54	4705	248	-10	258	42	146	156	36	361	75	8	70	193	32	32	175	629	345	390
-39.55	-70.57	21.095622	3.049066	95	140	54	4705	248	-10	258	42	146	156	36	361	75	8	70	193	32	32	175	629	345	390
-39.55	-70.57	19.201087	2.954967	95	140	54	4705	248	-10	258	42	146	156	36	361	75	8	70	193	32	32	175	629	345	390
-39.55	-70.57	20.478232	3.019362	95	140	54	4705	248	-10	258	42	146	156	36	361	75	8	70	193	32	32	175	629	345	390
-39.55	-70.57	20.998799	3.044465	95	140	54	4705	248	-10	258	42	146	156	36	361	75	8	70	193	32	32	175	629	345	390
-39.55	-70.57	21.115184	3.049992	95	140	54	4705	248	-10	258	42	146	156	36	361	75	8	70	193	32	32	175	629	345	390
-39.55	-70.57	21.432575	3.064912	95	140	54	4705	248	-10	258	42	146	156	36	361	75	8	70	193	32	32	175	629	345	390
-39.55	-70.57	21.954628	3.088978	95	140	54	4705	248	-10	258	42	146	156	36	361	75	8	70	193	32	32	175	629	345	390
-39.55	-70.57	21.418289	3.064245	95	140	54	4705	248	-10	258	42	146	156	36	361	75	8	70	193	32	32	175	629	345	390
-39.55	-70.57	20.003104	2.995887	95	140	54	4705	248	-10	258	42	146	156	36	361	75	8	70	193	32	32	175	629	345	390
-39.55	-70.57	20.790014	3.034473	95	140	54	4705	248	-10	258	42	146	156	36	361	75	8	70	193	32	32	175	629	345	390
-39.55	-70.57	21.059066	3.047331	95	140	54	4705	248	-10	258	42	146	156	36	361	75	8	70	193	32	32	175	629	345	390
-39.55	-70.57	19.506654	2.970756	95	140	54	4705	248	-10	258	42	146	156	36	361	75	8	70	193	32	32	175	629	345	390
-39.55	-70.57	19.590241	2.975032	95	140	54	4705	248	-10	258	42	146	156	36	361	75	8	70	193	32	32	175	629	345	390
-39.55	-70.57	21.728512	3.078625	95	140	54	4705	248	-10	258	42	146	156	36	361	75	8	70	193	32	32	175	629	345	390
-39.55	-70.57	20.974500	3.043307	95	140	54	4705	248	-10	258	42	146	156	36	361	75	8	70	193	32	32	175	629	345	390
-39.55	-70.57	19.644914	2.977818	95	140	54	4705	248	-10	258	42	146	156	36	361	75	8	70	193	32	32	175	629	345	390
-39.55	-70.57	20.010633	2.996264	95	140	54	4705	248	-10	258	42	146	156	36	361	75	8	70	193	32	32	175	629	345	390
-39.55	-70.57	19.050361	2.947086	95	140	54	4705	248	-10	258	42	146	156	36	361	75	8	70	193	32	32	175	629	345	390
-39.55	-70.57	19.508002	2.970825	95	140	54	4705	248	-10	258	42	146	156	36	361	75	8	70	193	32	32	175	629	345	390
-39.55	-70.57	20.986313	3.043870	95	140	54	4705	248	-10	258	42	146	156	36	361	75	8	70	193	32	32	175	629	345	390
-39.55	-70.57	18.716563	2.929409	95	140	54	4705	248	-10	258	42	146	156	36	361	75	8	70	193	32	32	175	629	345	390
-39.55	-70.57	21.747836	3.079514	95	140	54	4705	248	-10	258	42	146	156	36	361	75	8	70	193	32	32	175	629	345	390
-39.55	-70.57	21.065543	3.047639	95	140	54	4705	248	-10	258	42	146	156	36	361	75	8	70	193	32	32	175	629	345	390
-39.55	-70.57	20.563383	3.023512	95	140	54	4705	248	-10	258	42	146	156	36	361	75	8	70	193	32	32	175	629	345	390
-39.55	-70.57	20.763238	3.033184	95	140	54	4705	248	-10	258	42	146	156	36	361	75	8	70	193	32	32	175	629	345	390
-39.55	-70.57	20.171701	3.004281	95	140	54	4705	248	-10	258	42	146	156	36	361	75	8	70	193	32	32	175	629	345	390
-39.55	-70.57	21.315648	3.059441	95	140	54	4705	248	-10	258	42	146	156	36	361	75	8	70	193	32	32	175	629	345	390
-39.55	-70.57	20.019205	2.996692	95	140	54	4705	248	-10	258	42	146	156	36	361	75	8	70	193	32	32	175	629	345	390
-39.55	-70.57	20.989358	3.044016	95	140	54	4705	248	-10	258	42	146	156	36	361	75	8	70	193	32	32	175	629	345	390
-39.55	-70.57	19.572197	2.974110	95	140	54	4705	248	-10	258	42	146	156	36	361	75	8	70	193	32	32	175	629	345	390
-39.55	-70.57	18.144921	2.898391	95	140	54	4705	248	-10	258	42	146	156	36	361	75	8	70	193	32	32	175	629	345	390
-39.55	-70.57	20.628102	3.026654	95	140	54	4705	248	-10	258	42	146	156	36	361	75	8	70	193	32	32	175	629	345	390
-39.55	-70.57	20.449663	3.017966	95	140	54	4705	248	-10	258	42	146	156	36	361	75	8	70	193	32	32	175	629	345	390
-39.55	-70.57	20.141352	3.002775	95	140	54	4705	248	-10	258	42	146	156	36	361	75	8	70	193	32	32	175	629	345	390
-39.55	-70.57	19.407293	2.965649	95	140	54	4705	248	-10	258	42	146	156	36	361	75	8	70	193	32	32	175	629	345	390
-39.55	-70.57	21.236977	3.055744	95	140	54	4705	248	-10	258	42	146	156	36	361	75	8	70	193	32	32	175	629	345	390
-39.55	-70.57	19.523481	2.971618	95	140	54	4705	248	-10	258	42	146	156	36	361	75	8	70	193	32	32	175	629	345	390
-39.55	-70.57	22.128346	3.096859	95	140	54	4705	248	-10	258	42	146	156	36	361	75	8	70	193	32	32	175	629	345	390
-39.55	-70.57	20.957703	3.042506	95	140	54	4705	248	-10	258	42	146	156	36	361	75	8	70	193	32	32	175	629	345	390
-39.55	-70.57	19.771187	2.984226	95	140	54	4705	248	-10	258	42	146	156	36	361	75	8	70	193	32	32	175	629	345	390
-39.55	-70.57	19.564954	2.973740	95	140	54	4705	248	-10	258	42	146	156	36	361	75	8	70	193	32	32	175	629	345	390
-0.15	-78.43	21.651737	3.075086	152	140	88	185	231	72	159	153	149	153	149	945	142	14	48	375	73	362	73	1195	1203	133
-49.22	-67.77	23.166156	3.142692	94	107	47	4462	219	-8	227	38	97	148	37	243	29	15	22	81	46	63	70	683	0	0
-31.4	-64.77	21.292943	3.058376	117	141	53	4410	253	-13	266	175	59	175	59	655	106	10	66	296	33	296	33	846	687	-130
-49.22	-67.77	21.930575	3.087882	94	107	47	4462	219	-8	227	38	97	148	37	243	29	15	22	81	46	63	70	683	0	0
-24.27	-65.27	20.526784	3.021731	170	131	55	3575	274	37	237	210	137	210	121	846	188	7	96	513	23	513	29	1188	677	-477
-24.87	-65.67	19.320783	2.961181	131	153	58	3721	246	-15	261	173	81	173	79	314	84	1	111	220	4	220	5	1170	651	-481
-39.55	-70.57	20.223091	3.006825	95	140	54	4705	248	-10	258	42	146	156	36	361	75	8	70	193	32	32	175	629	345	390
-39.55	-70.57	19.942381	2.992847	95	140	54	4705	248	-10	258	42	146	156	36	361	75	8	70	193	32	32	175	629	345	390
-52.43	-71.87	21.910087	3.086947	35	87	48	3276	132	-46	178	57	38	76	-9	595	65	42	13	175	132	150	139	347	320	150
-52.85	-72.03	19.298445	2.960025	56	78	47	3056	146	-18	164	76	57	94	15	834	88	62	11	242	188	211	194	392	431	852
-52.43	-71.87	23.378801	3.151830	35	87	48	3276	132	-46	178	57	38	76	-9	595	65	42	13	175	132	150	139	347	320	150
-53.13	-71	21.798686	3.081850	49	71	45	3020	138	-18	156	48	49	87	9	510	52	33	14	155	108	125	122	0	0	0
-53.22	-71.18	19.894170	2.990427	48	71	46	2956	135	-19	154	47	48	85	9	605	63	41	13	182	131	149	143	373	295	206
-52.43	-71.87	22.610585	3.118418	35	87	48	3276	132	-46	178	57	38	76	-9	595	65	42	13	175	132	150	139	347	320	150
-52.43	-71.87	21.569258	3.071269	35	87	48	3276	132	-46	178	57	38	76	-9	595	65	42	13	175	132	150	139	347	320	150
-52.43	-71.87	19.113665	2.950404	35	87	48	3276	132	-46	178	57	38	76	-9	595	65	42	13	175	132	150	139	347	320	150
-52.43	-71.87	22.309281	3.105003	35	87	48	3276	132	-46	178	57	38	76	-9	595	65	42	13	175	132	150	139	347	320	150
-52.43	-71.87	18.882294	2.938225	35	87	48	3276	132	-46	178	57	38	76	-9	595	65	42	13	175	132	150	139	347	320	150
-52.43	-71.87	21.556658	3.070685	35	87	48	3276	132	-46	178	57	38	76	-9	595	65	42	13	175	132	150	139	347	320	150
-52.43	-71.87	22.622742	3.118956	35	87	48	3276	132	-46	178	57	38	76	-9	595	65	42	13	175	132	150	139	347	320	150
-52.43	-71.87	19.601949	2.975629	35	87	48	3276	132	-46	178	57	38	76	-9	595	65	42	13	175	132	150	139	347	320	150
-52.43	-71.87	22.385397	3.108409	35	87	48	3276	132	-46	178	57	38	76	-9	595	65	42	13	175	132	150	139	347	320	150
-52.43	-71.87	22.376704	3.108020	35	87	48	3276	132	-46	178	57	38	76	-9	595	65	42	13	175	132	150	139	347	320	150
-52.43	-71.87	23.790549	3.169288	35	87	48	3276	132	-46	178	57	38	76	-9	595	65	42	13	175	132	150	139	347	320	150
-52.43	-71.87	22.723712	3.123409	35	87	48	3276	132	-46	178	57	38	76	-9	595	65	42	13	175	132	150	139	347	320	150
-53.22	-71.18	20.107058	3.001071	48	71	46	2956	135	-19	154	47	48	85	9	605	63	41	13	182	131	149	143	373	295	206
-53.85	-69.27	23.481311	3.156205	53	72	48	2806	135	-12	147	54	52	88	16	536	55	29	17	160	102	141	133	306	309	361
-53.85	-69.27	23.891211	3.173511	53	72	48	2806	135	-12	147	54	52	88	16	536	55	29	17	160	102	141	133	306	309	361
-55.23	-68.73	22.201119	3.100143	31	76	52	2611	109	-36	145	33	15	63	-4	888	92	55	14	256	180	226	215	729	0	0
-53.85	-69.27	20.411480	3.016098	53	72	48	2806	135	-12	147	54	52	88	16	536	55	29	17	160	102	141	133	306	309	361
-53.85	-69.27	25.679881	3.245708	53	72	48	2806	135	-12	147	54	52	88	16	536	55	29	17	160	102	141	133	306	309	361
-47.65	-66.07	23.531801	3.158353	100	99	47	4266	212	4	208	49	101	150	43	209	26	11	26	74	39	46	63	373	207	-139
-26.95	-65.82	18.785090	2.933063	90	137	54	3930	211	-39	250	137	39	137	37	253	58	2	96	161	8	161	10	1294	661	-1271
-24.45	-66.68	21.417952	3.064229	59	168	64	3434	178	-83	261	96	33	96	10	93	30	0	122	70	2	70	3	1214	745	-450
-24.45	-66.68	18.531817	2.919489	59	168	64	3434	178	-83	261	96	33	96	10	93	30	0	122	70	2	70	3	1214	745	-450
-24.45	-66.68	21.796338	3.081742	59	168	64	3434	178	-83	261	96	33	96	10	93	30	0	122	70	2	70	3	1214	745	-450
-24.45	-66.68	20.891357	3.039336	59	168	64	3434	178	-83	261	96	33	96	10	93	30	0	122	70	2	70	3	1214	745	-450
-40.98	-70.7	19.195811	2.954692	81	126	50	4696	227	-23	250	29	141	141	21	500	101	13	72	268	45	45	237	560	445	1052
-40.98	-70.7	21.796036	3.081728	81	126	50	4696	227	-23	250	29	141	141	21	500	101	13	72	268	45	45	237	560	445	1052
-48.18	-67.38	19.237655	2.956870	100	105	47	4544	221	-1	222	45	102	155	41	227	27	14	23	78	44	51	68	355	218	-119
-23.58	-65.42	21.061270	3.047436	111	174	61	3910	237	-48	285	152	57	152	55	221	59	0	111	156	2	156	4	1286	661	-1263
-22.1	-65.87	19.470827	2.968917	99	200	62	4315	242	-80	322	141	39	141	35	237	68	0	118	171	2	171	2	1247	429	-1224
-46.37	-67.59	21.011791	3.045084	119	102	46	4454	242	22	220	67	147	175	61	211	29	11	33	79	36	38	68	443	166	-200
-48.7	-67.6	21.570153	3.071311	98	107	47	4549	220	-4	224	41	101	152	39	233	28	14	23	80	44	56	69	348	219	-113
-48.7	-67.6	20.100855	3.000762	98	107	47	4549	220	-4	224	41	101	152	39	233	28	14	23	80	44	56	69	348	219	-113
-48.7	-67.6	22.715202	3.123034	98	107	47	4549	220	-4	224	41	101	152	39	233	28	14	23	80	44	56	69	348	219	-113
-48.7	-67.6	22.690805	3.121960	98	107	47	4549	220	-4	224	41	101	152	39	233	28	14	23	80	44	56	69	348	219	-113
-50.29	-72.67	23.292941	3.148150	77	88	45	3899	179	-15	194	48	118	125	25	503	57	29	21	160	99	104	142	488	383	119
-50.29	-72.67	23.588156	3.160745	77	88	45	3899	179	-15	194	48	118	125	25	503	57	29	21	160	99	104	142	488	383	119
-50.29	-72.67	20.035222	2.997492	77	88	45	3899	179	-15	194	48	118	125	25	503	57	29	21	160	99	104	142	488	383	119
-46.37	-67.59	22.088031	3.095036	119	102	46	4454	242	22	220	67	147	175	61	211	29	11	33	79	36	38	68	443	166	-200
-46.54	-67.6	22.835307	3.128308	111	103	46	4477	234	13	221	59	139	167	53	206	27	11	30	76	36	37	67	413	155	-174
-46.54	-67.6	21.890102	3.086035	111	103	46	4477	234	13	221	59	139	167	53	206	27	11	30	76	36	37	67	413	155	-174
-46.54	-67.6	21.275018	3.057534	111	103	46	4477	234	13	221	59	139	167	53	206	27	11	30	76	36	37	67	413	155	-174
-46.54	-67.6	22.160082	3.098293	111	103	46	4477	234	13	221	59	139	167	53	206	27	11	30	76	36	37	67	413	155	-174
-46.54	-67.6	21.687315	3.076728	111	103	46	4477	234	13	221	59	139	167	53	206	27	11	30	76	36	37	67	413	155	-174
-46.37	-67.59	22.530659	3.114877	119	102	46	4454	242	22	220	67	147	175	61	211	29	11	33	79	36	38	68	443	166	-200
-46.37	-67.59	21.304528	3.058920	119	102	46	4454	242	22	220	67	147	175	61	211	29	11	33	79	36	38	68	443	166	-200
-11.77	-75.52	20.237094	3.007517	102	144	79	726	183	1	182	105	91	109	91	703	124	5	75	356	24	230	24	1192	770	-386
-10.25	-77.43	21.884287	3.085769	71	141	76	904	149	-36	185	81	57	81	57	505	168	0	118	365	3	365	3	1220	553	-1197
-11.77	-75.52	21.603359	3.072849	102	144	79	726	183	1	182	105	91	109	91	703	124	5	75	356	24	230	24	1192	770	-386
-11.77	-75.52	21.382574	3.062576	102	144	79	726	183	1	182	105	91	109	91	703	124	5	75	356	24	230	24	1192	770	-386
-16.95	-70.98	20.635509	3.027013	122	161	79	1228	215	13	202	135	115	136	104	87	30	0	143	80	0	63	1	1187	234	-1164
-11.77	-75.52	22.083800	3.094844	102	144	79	726	183	1	182	105	91	109	91	703	124	5	75	356	24	230	24	1192	770	-386
-11.77	-75.52	19.216858	2.955788	102	144	79	726	183	1	182	105	91	109	91	703	124	5	75	356	24	230	24	1192	770	-386
-11.77	-75.52	21.267927	3.057200	102	144	79	726	183	1	182	105	91	109	91	703	124	5	75	356	24	230	24	1192	770	-386
-12.02	-77.02	19.755014	2.983407	188	88	53	2757	283	118	165	158	222	226	156	12	2	0	41	6	1	2	6	0	0	0
-16.95	-70.98	21.451407	3.065790	122	161	79	1228	215	13	202	135	115	136	104	87	30	0	143	80	0	63	1	1187	234	-1164
-16.95	-70.98	20.138032	3.002610	122	161	79	1228	215	13	202	135	115	136	104	87	30	0	143	80	0	63	1	1187	234	-1164
-16.95	-70.98	19.034979	2.946278	122	161	79	1228	215	13	202	135	115	136	104	87	30	0	143	80	0	63	1	1187	234	-1164
-16.95	-70.98	18.411577	2.912980	122	161	79	1228	215	13	202	135	115	136	104	87	30	0	143	80	0	63	1	1187	234	-1164
-53.78	-67.77	23.489069	3.156535	55	79	45	3468	151	-21	172	27	38	99	11	328	36	16	23	101	53	91	76	0	0	0
-53.78	-67.77	22.223015	3.101128	55	79	45	3468	151	-21	172	27	38	99	11	328	36	16	23	101	53	91	76	0	0	0
-23.17	-65.33	20.359009	3.013524	114	181	61	4019	244	-52	296	155	58	155	56	191	51	0	114	135	2	135	3	1311	566	-1288
-52.3	-68.4	21.658338	3.075391	65	72	47	3041	150	-3	153	95	44	103	26	257	33	12	25	83	44	79	58	0	0	0
-45.58	-69.08	21.891466	3.086097	108	113	47	4799	239	-1	240	50	168	168	44	143	20	7	34	54	23	23	47	467	203	-284
-53.78	-67.77	24.514182	3.199252	55	79	45	3468	151	-21	172	27	38	99	11	328	36	16	23	101	53	91	76	0	0	0
-45.58	-69.08	21.275551	3.057559	108	113	47	4799	239	-1	240	50	168	168	44	143	20	7	34	54	23	23	47	467	203	-284
-23.17	-66.08	19.586652	2.974848	63	189	63	3922	195	-101	296	103	10	103	6	133	42	0	117	100	1	100	2	1237	401	-1214
-46.57	-71.59	22.344777	3.106593	86	92	44	4315	193	-14	207	32	138	138	28	295	50	8	62	138	27	27	128	377	400	1028
-46.48	-70.05	20.965899	3.042897	110	109	45	5030	239	-1	240	111	141	173	45	195	29	9	32	68	33	35	52	481	295	-139
-45.74	-68.49	22.447301	3.111170	107	111	46	4772	238	0	238	49	167	167	44	161	23	8	34	61	27	27	53	460	197	-240
-54.53	-66.3	22.248103	3.102257	55	80	50	2988	141	-17	158	89	37	93	16	437	47	24	21	131	79	130	96	305	340	296
-49.22	-67.77	22.390685	3.108645	94	107	47	4462	219	-8	227	38	97	148	37	243	29	15	22	81	46	63	70	683	0	0
-49.22	-67.77	20.597605	3.025175	94	107	47	4462	219	-8	227	38	97	148	37	243	29	15	22	81	46	63	70	683	0	0
-27.63	-67.05	18.575577	2.921848	172	166	53	5296	316	3	313	227	104	235	102	163	43	2	106	110	7	106	8	1269	257	-1246
-54.53	-66.3	22.174213	3.098930	55	80	50	2988	141	-17	158	89	37	93	16	437	47	24	21	131	79	130	96	305	340	296
-41.17	-71.2	22.158725	3.098231	75	119	50	4391	212	-24	236	28	132	132	19	764	130	21	65	376	72	72	361	798	699	1304
-49.57	-68.62	24.082211	3.181473	92	108	47	4651	213	-15	228	33	98	147	30	200	26	10	23	63	37	53	52	331	195	-153
-41.17	-71.2	20.751998	3.032643	75	119	50	4391	212	-24	236	28	132	132	19	764	130	21	65	376	72	72	361	798	699	1304
-27.63	-67.05	21.214196	3.054671	172	166	53	5296	316	3	313	227	104	235	102	163	43	2	106	110	7	106	8	1269	257	-1246
-49.22	-67.77	20.258808	3.008590	94	107	47	4462	219	-8	227	38	97	148	37	243	29	15	22	81	46	63	70	683	0	0
-45.71	-68.33	20.552986	3.023006	98	111	46	4735	229	-8	237	41	157	157	36	160	22	8	33	60	26	26	53	460	197	-240
-46	-69.55	21.153099	3.051786	104	112	46	4956	236	-7	243	45	166	166	39	169	20	9	28	57	29	29	50	466	257	-178
-46	-69.55	20.725088	3.031345	104	112	46	4956	236	-7	243	45	166	166	39	169	20	9	28	57	29	29	50	466	257	-178
-46	-69.55	21.556239	3.070665	104	112	46	4956	236	-7	243	45	166	166	39	169	20	9	28	57	29	29	50	466	257	-178
-46	-69.55	21.940264	3.088323	104	112	46	4956	236	-7	243	45	166	166	39	169	20	9	28	57	29	29	50	466	257	-178
-46	-69.55	21.111090	3.049798	104	112	46	4956	236	-7	243	45	166	166	39	169	20	9	28	57	29	29	50	466	257	-178
-45.69	-70.35	21.025432	3.045733	95	108	46	4750	220	-14	234	37	144	154	32	199	26	8	36	75	29	29	66	456	242	-161
-43.98	-70.19	19.905232	2.990983	66	122	49	4664	204	-43	247	33	114	125	5	145	21	4	40	55	17	20	53	482	133	-238
-43.98	-70.19	20.802397	3.035068	66	122	49	4664	204	-43	247	33	114	125	5	145	21	4	40	55	17	20	53	482	133	-238
-43.98	-70.19	20.935663	3.041454	66	122	49	4664	204	-43	247	33	114	125	5	145	21	4	40	55	17	20	53	482	133	-238
-43.98	-70.19	22.411575	3.109578	66	122	49	4664	204	-43	247	33	114	125	5	145	21	4	40	55	17	20	53	482	133	-238
-43.98	-70.19	21.502178	3.068154	66	122	49	4664	204	-43	247	33	114	125	5	145	21	4	40	55	17	20	53	482	133	-238
